24
10
0
0
40
200
26
0
0
0
40
200
24
0
0
0
40
200
26
0
0
0
40
200
26
0
0
0
40
200
25
0
0
0
40
200
25
0
0
0
40
200
25
0
0
0
40
200
25
0
0
0
40
200
25
0
0
0
40
200
24
0
0
0
40
200
26
0
0
0
40
200
25
0
0
0
40
200
25
0
0
0
40
200
24
0
0
0
40
200
25
0
0
0
40
200
0
10
47
30
40
200
0
10
51
30
40
200
0
10
56
30
40
200
0
10
59
30
40
200
0
10
62
30
40
200
0
10
65
30
40
200
0
10
67
30
40
200
0
10
68
30
40
200
0
10
70
30
40
200
0
10
70
30
40
200
0
10
71
30
40
200
0
10
71
30
40
200
0
10
71
30
40
200
0
10
70
30
40
200
0
10
68
30
40
200
0
10
66
30
40
200
0
10
64
30
40
200
0
10
61
30
40
200
0
10
58
30
40
200
0
10
54
30
40
200
0
10
50
30
40
200
0
10
45
30
40
200
0
10
40
30
40
200
0
0
0
0
0
0
0
0
0
0
0
0
0
0
0
0
0
0
0
0
0
0
0
0
0
0
0
0
0
0
0
0
0
0
0
0
25
10
0
0
40
200
26
0
0
0
40
200
27
0
0
0
40
200
27
0
0
0
40
200
26
0
0
0
40
200
27
0
0
0
40
200
27
0
0
0
40
200
28
0
0
0
40
200
27
0
0
0
40
200
27
0
0
0
40
200
26
0
0
0
40
200
27
0
0
0
40
200
26
0
0
0
40
200
27
0
0
0
40
200
27
0
0
0
40
200
27
0
0
0
40
200
26
0
0
0
40
200
26
0
0
0
40
200
0
10
41
30
40
200
0
10
45
30
40
200
0
10
50
30
40
200
0
10
53
30
40
200
0
10
57
30
40
200
0
10
59
30
40
200
0
10
61
30
40
200
0
10
62
30
40
200
0
10
64
30
40
200
0
10
65
30
40
200
0
10
65
30
40
200
0
10
66
30
40
200
0
10
66
30
40
200
0
10
65
30
40
200
0
10
64
30
40
200
0
10
63
30
40
200
0
10
61
30
40
200
0
10
59
30
40
200
0
10
57
30
40
200
0
10
54
30
40
200
0
10
50
30
40
200
0
10
47
30
40
200
0
10
43
30
40
200
0
10
39
30
40
200
0
10
34
30
40
200
0
0
0
0
0
0
0
0
0
0
0
0
0
0
0
0
0
0
0
0
0
0
0
0
0
0
0
0
0
0
30
0
0
0
40
200
30
0
0
0
40
200
28
0
0
0
40
200
31
0
0
0
40
200
30
0
0
0
40
200
29
0
0
0
40
200
29
0
0
0
40
200
30
0
0
0
40
200
31
0
0
0
40
200
31
0
0
0
40
200
30
0
0
0
40
200
30
0
0
0
40
200
31
0
0
0
40
200
30
0
0
0
40
200
29
0
0
0
40
200
30
0
0
0
40
200
32
0
0
0
40
200
31
0
0
0
40
200
31
0
0
0
40
200
30
0
0
0
40
200
31
0
0
0
40
200
0
10
34
30
40
200
2
10
38
30
40
200
0
10
41
30
40
200
2
10
44
30
40
200
1
10
47
30
40
200
0
10
50
30
40
200
2
10
52
30
40
200
2
10
54
30
40
200
0
10
55
30
40
200
1
10
56
30
40
200
0
10
57
30
40
200
1
10
57
30
40
200
2
10
58
30
40
200
1
10
57
30
40
200
3
10
57
30
40
200
2
10
56
30
40
200
2
10
54
30
40
200
2
10
53
30
40
200
2
10
51
30
40
200
2
10
49
30
40
200
2
10
46
30
40
200
1
10
43
30
40
200
3
10
39
30
40
200
2
10
35
30
40
200
3
10
31
30
40
200
3
10
27
30
40
200
3
10
23
30
40
200
0
0
18
30
0
0
0
0
11
30
0
0
2
10
10
30
40
200
0
0
10
30
0
0
0
0
10
30
0
0
0
0
10
30
0
0
0
10
10
30
40
200
0
0
0
0
0
0
0
0
0
0
0
0
0
0
0
0
0
0
0
10
0
0
40
200
0
10
0
0
40
200
0
0
0
0
0
0
0
0
0
0
0
0
0
10
0
0
40
200
0
10
0
0
40
200
0
0
0
0
0
0
0
0
0
0
0
0
0
10
0
0
40
200
0
0
0
0
0
0
0
0
0
0
0
0
0
0
0
0
0
0
0
10
0
0
40
200
0
10
0
0
40
200
0
0
0
0
0
0
0
0
0
0
0
0
0
10
0
0
40
200
0
10
0
0
40
200
0
0
0
0
0
0
0
0
0
0
0
0
0
10
0
0
40
200
0
0
0
0
0
0
0
0
0
0
0
0
0
0
0
0
0
0
0
10
0
0
40
200
0
0
0
0
0
0
27
0
0
0
40
200
28
0
0
0
40
200
28
0
0
0
40
200
26
0
33
30
40
200
27
0
39
30
40
200
27
0
44
30
40
200
27
0
49
30
40
200
27
220
52
140
40
200
27
224
55
140
40
200
28
223
57
140
40
200
26
222
58
140
40
200
27
221
59
140
40
200
28
221
59
140
40
200
28
220
59
140
40
200
27
221
58
140
40
200
28
223
56
140
40
200
28
225
53
140
40
200
29
230
49
140
40
200
28
233
45
140
40
200
28
240
40
140
40
200
28
243
34
140
40
200
26
250
28
140
40
200
27
250
28
140
40
200
0
10
43
30
40
200
0
10
47
30
40
200
0
10
51
30
40
200
0
10
55
30
40
200
0
10
59
30
40
200
0
10
61
30
40
200
0
10
64
30
40
200
0
10
66
30
40
200
0
0
67
30
0
0
0
0
68
30
0
0
0
10
69
30
40
200
0
10
70
30
40
200
0
0
70
30
0
0
0
0
70
30
0
0
0
10
69
30
40
200
0
0
68
30
0
0
0
0
66
30
0
0
0
0
64
30
0
0
0
10
61
30
40
200
0
10
58
30
40
200
0
0
54
30
0
0
0
0
49
30
0
0
0
10
45
30
40
200
0
10
40
30
40
200
0
0
0
0
0
0
0
0
0
0
0
0
23
0
0
0
40
200
26
0
0
0
40
200
24
0
0
0
40
200
24
0
0
0
40
200
24
0
0
0
40
200
25
0
0
0
40
200
24
0
0
0
40
200
25
0
0
0
40
200
24
0
0
0
40
200
24
0
0
0
40
200
25
0
0
0
40
200
25
0
0
0
40
200
25
0
0
0
40
200
24
0
0
0
40
200
25
0
0
0
40
200
24
0
0
0
40
200
26
0
0
0
40
200
24
0
0
0
40
200
24
0
0
0
40
200
24
0
0
0
40
200
26
0
0
0
40
200
0
10
47
30
40
200
0
10
53
30
40
200
0
10
57
30
40
200
0
10
61
30
40
200
0
10
64
30
40
200
0
10
67
30
40
200
0
10
69
30
40
200
0
10
71
30
40
200
0
10
72
30
40
200
0
10
73
30
40
200
0
10
74
30
40
200
0
10
74
30
40
200
0
10
74
30
40
200
0
10
73
30
40
200
0
10
71
30
40
200
0
10
69
30
40
200
0
10
67
30
40
200
0
10
64
30
40
200
0
10
60
30
40
200
0
10
57
30
40
200
0
10
52
30
40
200
0
10
47
30
40
200
0
0
0
0
0
0
0
0
0
0
0
0
0
0
0
0
0
0
0
0
0
0
0
0
0
0
0
0
0
0
0
0
0
0
0
0
0
0
0
0
0
0
0
0
0
0
0
0
21
0
0
0
40
200
22
0
0
0
40
200
22
0
0
0
40
200
22
0
0
0
40
200
23
0
0
0
40
200
24
0
0
0
40
200
23
0
0
0
40
200
22
0
0
0
40
200
23
0
0
0
40
200
22
0
0
0
40
200
23
0
0
0
40
200
24
0
0
0
40
200
23
0
0
0
40
200
23
0
0
0
40
200
22
0
0
0
40
200
0
10
52
30
40
200
0
10
56
30
40
200
0
10
60
30
40
200
0
10
64
30
40
200
0
10
66
30
40
200
0
10
68
30
40
200
0
10
70
30
40
200
0
10
72
30
40
200
0
10
73
30
40
200
0
10
74
30
40
200
0
10
74
30
40
200
0
10
74
30
40
200
0
10
73
30
40
200
0
10
71
30
40
200
0
10
69
30
40
200
0
10
66
30
40
200
0
10
63
30
40
200
0
10
60
30
40
200
0
10
55
30
40
200
0
10
51
30
40
200
0
10
45
30
40
200
0
0
0
0
0
0
0
0
0
0
0
0
0
0
0
0
0
0
0
0
0
0
0
0
0
0
0
0
0
0
0
0
0
0
0
0
0
0
0
0
0
0
0
0
0
0
0
0
23
0
0
0
40
200
22
0
0
0
40
200
22
0
0
0
40
200
22
0
0
0
40
200
23
0
0
0
40
200
23
0
0
0
40
200
23
0
0
0
40
200
23
0
0
0
40
200
23
0
0
0
40
200
22
0
0
0
40
200
24
0
0
0
40
200
22
0
0
0
40
200
23
0
0
0
40
200
23
0
0
0
40
200
0
10
47
30
40
200
0
10
53
30
40
200
0
10
58
30
40
200
0
10
62
30
40
200
0
10
65
30
40
200
0
10
68
30
40
200
0
10
71
30
40
200
0
10
73
30
40
200
0
10
74
30
40
200
0
10
75
30
40
200
0
10
76
30
40
200
0
10
76
30
40
200
0
10
76
30
40
200
0
10
75
30
40
200
0
10
73
30
40
200
0
10
71
30
40
200
0
10
68
30
40
200
0
10
65
30
40
200
0
10
61
30
40
200
0
10
57
30
40
200
0
10
52
30
40
200
0
10
47
30
40
200
0
0
0
0
0
0
0
0
0
0
0
0
0
0
0
0
0
0
0
0
0
0
0
0
0
0
0
0
0
0
0
0
0
0
0
0
0
0
0
0
0
0
0
0
0
0
0
0
23
10
0
0
40
200
24
0
0
0
40
200
24
0
0
0
40
200
24
0
0
0
40
200
25
0
0
0
40
200
24
0
0
0
40
200
24
0
0
0
40
200
23
0
0
0
40
200
25
0
0
0
40
200
23
0
0
0
40
200
24
0
0
0
40
200
25
0
0
0
40
200
23
0
0
0
40
200
24
0
0
0
40
200
24
0
0
0
40
200
0
10
51
30
40
200
0
10
55
30
40
200
0
10
58
30
40
200
0
10
62
30
40
200
0
10
65
30
40
200
0
10
68
30
40
200
0
10
69
30
40
200
0
10
71
30
40
200
0
10
72
30
40
200
0
10
72
30
40
200
0
10
73
30
40
200
0
10
73
30
40
200
0
10
73
30
40
200
0
10
71
30
40
200
0
10
70
30
40
200
0
10
68
30
40
200
0
10
66
30
40
200
0
10
63
30
40
200
0
10
59
30
40
200
0
10
55
30
40
200
0
10
51
30
40
200
0
10
46
30
40
200
0
0
0
0
0
0
0
0
0
0
0
0
0
0
0
0
0
0
0
0
0
0
0
0
0
0
0
0
0
0
0
0
0
0
0
0
0
0
0
0
0
0
0
0
0
0
0
0
27
0
0
0
40
200
25
0
0
0
40
200
26
0
0
0
40
200
27
0
0
0
40
200
27
0
0
0
40
200
27
0
0
0
40
200
26
0
0
0
40
200
26
0
0
0
40
200
28
0
0
0
40
200
26
0
0
0
40
200
25
0
0
0
40
200
27
0
0
0
40
200
27
0
0
0
40
200
25
0
0
0
40
200
26
0
0
0
40
200
27
0
0
0
40
200
0
10
42
30
40
200
0
10
46
30
40
200
0
10
51
30
40
200
0
10
54
30
40
200
0
10
58
30
40
200
0
10
61
30
40
200
0
10
63
30
40
200
0
10
65
30
40
200
0
10
66
30
40
200
0
10
67
30
40
200
0
10
67
30
40
200
0
10
68
30
40
200
0
10
68
30
40
200
0
10
68
30
40
200
0
10
67
30
40
200
0
10
66
30
40
200
0
10
64
30
40
200
0
10
61
30
40
200
0
10
59
30
40
200
0
10
55
30
40
200
0
10
52
30
40
200
0
10
48
30
40
200
0
10
44
30
40
200
0
10
38
30
40
200
0
10
33
30
40
200
0
0
0
0
0
0
0
0
0
0
0
0
0
0
0
0
0
0
0
0
0
0
0
0
28
10
0
0
40
200
29
0
0
0
40
200
30
0
0
0
40
200
28
0
0
0
40
200
28
0
0
0
40
200
29
0
0
0
40
200
30
0
0
0
40
200
30
0
0
0
40
200
30
0
0
0
40
200
30
0
0
0
40
200
30
0
0
0
40
200
30
0
0
0
40
200
30
0
0
0
40
200
30
0
0
0
40
200
32
0
0
0
40
200
30
0
0
0
40
200
30
0
0
0
40
200
30
0
0
0
40
200
29
0
0
0
40
200
29
0
0
0
40
200
30
0
0
0
40
200
28
0
0
0
40
200
0
10
37
30
40
200
0
10
40
30
40
200
0
10
44
30
40
200
1
10
47
30
40
200
1
10
49
30
40
200
0
10
52
30
40
200
0
10
54
30
40
200
1
10
55
30
40
200
2
10
57
30
40
200
1
10
58
30
40
200
1
10
59
30
40
200
2
10
59
30
40
200
3
10
60
30
40
200
1
10
59
30
40
200
1
10
58
30
40
200
3
10
58
30
40
200
1
10
56
30
40
200
1
10
55
30
40
200
2
10
52
30
40
200
3
10
50
30
40
200
1
10
47
30
40
200
2
10
44
30
40
200
2
10
40
30
40
200
1
10
37
30
40
200
2
10
32
30
40
200
3
10
28
30
40
200
3
246
23
140
40
200
0
0
16
140
0
0
0
0
11
140
0
0
1
246
10
140
40
200
0
0
10
140
0
0
0
0
10
140
0
0
0
0
10
140
0
0
0
246
0
0
40
200
0
246
0
0
40
200